OrderedDict([('encoder_fcn.0.weight', tensor([[-0.0537,  0.3988, -0.0885],
        [-0.0111,  0.2531, -0.2762],
        [ 0.1191, -0.1738,  0.4064],
        [-0.0479, -0.3125,  0.3029],
        [-0.4130, -0.0054,  0.0382],
        [ 0.5628,  0.2769,  0.0411],
        [ 0.2539, -0.1707, -0.2163],
        [ 0.2561,  0.1645,  0.3274],
        [-0.5095,  0.6303, -0.3415],
        [-0.0257, -0.3804, -0.1116],
        [-0.0847, -0.3907, -0.1786],
        [-0.1352, -0.1525, -0.1192],
        [-0.0821, -0.3963,  0.1325],
        [-0.3859,  0.3853, -0.2384],
        [ 0.2209, -0.6156,  0.1747],
        [ 0.0957,  0.2299,  0.2338],
        [ 0.0835,  0.1961,  0.4377],
        [-0.0222, -0.4356,  0.0234],
        [ 0.2675,  0.2304, -0.1307],
        [ 0.4204, -0.2521,  0.4583],
        [-0.5772,  0.3641, -0.1764],
        [-0.0976,  0.3346,  0.2207],
        [-0.2115,  0.4441, -0.0556],
        [ 0.3422, -0.2675,  0.2820],
        [ 0.0316, -0.0622, -0.1743],
        [ 0.3895,  0.2236,  0.3100],
        [ 0.3094,  0.0639,  0.5114],
        [-0.6309, -0.1771, -0.3930],
        [ 0.1255,  0.4341, -0.4521],
        [ 0.2305, -0.4877,  0.2796],
        [ 0.0578,  0.2192,  0.1414],
        [-0.2823,  0.0047,  0.4556],
        [ 0.3949,  0.2299,  0.3802],
        [ 0.0875,  0.3083,  0.4265],
        [-0.2054,  0.2877,  0.3818],
        [ 0.3006, -0.4532,  0.3041],
        [-0.2023,  0.0789,  0.4100],
        [ 0.0357,  0.3068,  0.3534],
        [ 0.3551, -0.2963, -0.3792],
        [ 0.2538,  0.3629, -0.4384],
        [ 0.4126,  0.0904,  0.4414],
        [-0.2794, -0.1811, -0.2721],
        [-0.3464,  0.4438,  0.3615],
        [-0.2195,  0.1134,  0.0913],
        [-0.0230,  0.0468,  0.5433],
        [-0.1776, -0.1311,  0.3098],
        [-0.2695,  0.5618, -0.5572],
        [ 0.3534, -0.0631,  0.5064],
        [-0.3590, -0.2268, -0.2656],
        [-0.3277,  0.1654,  0.2772],
        [ 0.3441, -0.3078,  0.4612],
        [-0.1457, -0.5342,  0.1702],
        [ 0.0378,  0.6196, -0.4180],
        [-0.3564,  0.4077, -0.1272],
        [ 0.2442,  0.3923, -0.3025],
        [ 0.5020,  0.4502, -0.0520],
        [ 0.1247, -0.0822, -0.0370],
        [ 0.2798,  0.3971, -0.4079],
        [ 0.3551, -0.2634, -0.0151],
        [ 0.2903, -0.1966,  0.2468]], device='cuda:0')), ('encoder_fcn.0.bias', tensor([-0.4604,  0.0167,  0.2075, -0.5311,  0.4268,  0.3603,  0.4563, -0.5561,
         0.2162,  0.2447, -0.0868,  0.0568, -0.0755, -0.7912,  0.1839,  0.4822,
        -0.2764, -0.1924, -0.3442,  0.0695,  0.2654,  0.1465, -0.2787,  0.0307,
        -0.2577, -0.2646, -0.2214, -0.0415,  0.2131,  0.1130, -0.3711, -0.0382,
        -0.5585, -0.0178, -0.5186,  0.1453,  0.4404, -0.0038,  0.3106,  0.4604,
         0.3353, -0.0779, -0.5394, -0.3717, -0.3627,  0.1170,  0.4732,  0.1689,
         0.1993,  0.3149, -0.5292, -0.4794,  0.6433, -0.2929,  0.0722, -0.7246,
         0.1465, -0.1874, -0.0149,  0.2072], device='cuda:0')), ('encoder_fcn.3.weight', tensor([[ 0.0548, -0.0112,  0.0973,  ...,  0.0700, -0.0206, -0.1463],
        [-0.0433, -0.0289,  0.0594,  ..., -0.0431, -0.0776, -0.1032],
        [ 0.0695,  0.0454, -0.1247,  ...,  0.0535, -0.1341,  0.0034],
        ...,
        [ 0.0573, -0.0809,  0.1218,  ..., -0.0559, -0.0811, -0.0081],
        [-0.0773,  0.0900, -0.0488,  ..., -0.1154,  0.0859, -0.0644],
        [-0.0312, -0.0932, -0.1320,  ..., -0.0922, -0.1565,  0.0636]],
       device='cuda:0')), ('encoder_fcn.3.bias', tensor([ 0.0545,  0.2163,  0.0291, -0.0748, -0.0479,  0.0428, -0.1193, -0.0789,
         0.4724, -0.0356,  0.0552, -0.1144, -0.0777,  0.4237, -0.0749, -0.1576,
         0.0152,  0.0128,  0.0882, -0.0305, -0.0684,  0.0210, -0.0698, -0.0332,
         0.0168,  0.0084,  0.0745, -0.0549, -0.0557, -0.1093, -0.0413, -0.0454,
         0.0464, -0.0702,  0.0839, -0.0369, -0.0675, -0.1649,  0.0914,  0.0220,
        -0.1052,  0.3062,  0.0428,  0.0547,  0.1662, -0.0041,  0.0609,  0.0614,
        -0.1544, -0.1168, -0.0706, -0.0309,  0.0435,  0.0806,  0.0814,  0.0886,
        -0.0733,  0.0802, -0.0967, -0.0281,  0.0887, -0.0948, -0.0987,  0.0549,
         0.0742, -0.1037, -0.0190, -0.0090, -0.0040, -0.1023,  0.0086,  0.0572,
        -0.0177, -0.0800,  0.0460, -0.1400, -0.0315, -0.0875,  0.0077, -0.0400,
        -0.1080, -0.0206,  0.1071, -0.1515,  0.0471, -0.1408, -0.0084, -0.1232,
         0.0348,  0.0612], device='cuda:0')), ('encoder_fcn.6.weight', tensor([[ 0.0734,  0.0170,  0.0869,  ..., -0.0994, -0.0938, -0.0530],
        [ 0.0178,  0.0153,  0.0103,  ...,  0.0259,  0.0587, -0.1131],
        [-0.0492, -0.1200,  0.0570,  ...,  0.0795,  0.0204, -0.0576],
        ...,
        [ 0.0269,  0.0205, -0.0409,  ..., -0.1003, -0.0321, -0.0223],
        [-0.0121, -0.0512,  0.0509,  ..., -0.0671,  0.0725, -0.0953],
        [ 0.0325,  0.0272, -0.0967,  ..., -0.0875,  0.0738,  0.0814]],
       device='cuda:0')), ('encoder_fcn.6.bias', tensor([ 0.0823,  0.3058, -0.1152, -0.1469, -0.0563,  0.0503,  0.0630,  0.0461,
        -0.0162, -0.1008,  0.0317,  0.1634, -0.2725, -0.1196, -0.1706, -0.1065,
        -0.1469,  0.0154, -0.0332, -0.1342, -0.1177, -0.0951,  0.0484,  0.0228,
        -0.1259, -0.0260, -0.1198, -0.0110, -0.0145, -0.0579], device='cuda:0')), ('encoder_fcn.9.weight', tensor([[-1.0579e-02, -1.3341e-01, -6.9754e-02,  3.2970e-02, -1.0963e-01,
          3.2542e-02, -8.4216e-02, -3.6591e-02, -1.4890e-01, -1.0773e-01,
         -1.2158e-01, -5.6659e-02, -8.3359e-02, -1.0810e-01, -1.6463e-01,
          4.9912e-02,  4.3168e-02,  2.9517e-02,  1.1896e-01, -3.2527e-01,
         -3.6846e-02,  2.7767e-02, -6.3554e-02, -1.3344e-01, -1.2975e-01,
          8.6838e-02, -1.3622e-01, -1.7159e-01, -1.5739e-01, -1.6771e-01],
        [-5.9913e-02,  7.5749e-02,  1.7304e-01,  9.1223e-02, -6.5511e-02,
         -1.6726e-01,  1.3318e-01, -1.6941e-01,  1.5935e-01, -5.9507e-02,
         -8.9766e-02,  3.1586e-02, -1.0681e-01,  1.0564e-01, -6.3824e-03,
          3.3294e-02,  1.5453e-01,  1.4447e-01, -1.1202e-01, -1.2753e-01,
         -5.8981e-02, -1.0974e-02,  8.5770e-02, -1.2383e-01,  3.1676e-02,
          5.1730e-02, -9.1304e-02,  9.8828e-02,  1.6495e-02,  2.1150e-02],
        [-3.0109e-02, -1.4520e-01, -4.4608e-02,  1.2364e-01, -3.2477e-02,
         -1.5695e-01, -5.4367e-02,  7.7112e-02,  9.5589e-02,  6.8925e-02,
          1.3012e-01,  1.2583e-01,  1.8271e-02,  9.0997e-02,  8.9892e-02,
         -2.2185e-02,  5.8435e-02, -2.1728e-02, -2.8819e-02, -5.0648e-02,
          5.7400e-02,  7.9708e-02,  8.0266e-02,  1.5335e-01,  6.9934e-02,
         -7.6686e-02, -8.1658e-02, -8.6066e-02, -9.9059e-02, -4.4549e-02],
        [ 3.3735e-02,  9.7312e-02, -1.6046e-01,  5.4407e-02, -4.6907e-02,
         -2.3253e-03,  1.6706e-01, -7.6359e-02, -1.1173e-01, -1.4230e-01,
          8.9066e-02,  4.5431e-03,  1.9434e-01,  1.2746e-01,  2.3993e-03,
          6.0708e-02, -1.0938e-02,  2.8393e-02,  1.3020e-01,  1.6367e-01,
         -1.4600e-02, -1.4834e-02,  3.6589e-02, -1.4519e-01, -5.9927e-02,
         -3.4663e-02, -6.8092e-02,  9.8675e-02,  1.0025e-03,  1.3894e-01],
        [ 5.5833e-02,  1.0946e-01,  4.8446e-02,  6.0911e-02, -9.3418e-03,
         -2.2036e-02,  1.6491e-02, -1.0688e-01,  1.4944e-01, -7.0022e-02,
          1.4715e-01,  1.5176e-01, -1.2543e-01, -1.4209e-01, -2.7385e-02,
         -4.4759e-02, -1.0252e-01, -1.1828e-02, -1.3988e-02, -1.4413e-01,
         -1.5788e-01,  8.6977e-02, -5.2460e-02, -4.3311e-03,  1.3344e-01,
         -1.1130e-01, -2.9909e-03,  1.4373e-01,  1.1045e-01,  1.1375e-01],
        [ 1.4695e-01,  1.6963e-01, -9.9917e-02, -5.4437e-02, -7.1444e-02,
          9.8801e-02, -1.4797e-01,  5.8223e-02, -7.6842e-02, -1.7045e-01,
          1.5444e-01,  1.9656e-02,  4.2838e-02, -1.1397e-01, -7.5095e-02,
         -1.0589e-01,  7.4368e-02,  2.1335e-02,  1.0828e-01, -1.1807e-01,
          4.9233e-04, -1.7274e-02,  1.2923e-02, -3.7759e-02,  6.5191e-02,
         -1.3304e-01, -5.0012e-02,  1.2679e-01,  5.4350e-02,  1.4875e-01],
        [ 4.2224e-02, -3.2447e-02,  3.5049e-02, -4.8571e-02,  9.7249e-02,
          2.0775e-03, -5.7926e-02,  2.3146e-01, -3.7971e-02, -8.6031e-02,
          1.2979e-01,  6.5407e-02,  1.7340e-01, -1.7593e-04,  8.3400e-02,
         -7.6240e-02, -6.2279e-02, -6.1066e-02, -1.1402e-01, -5.3616e-02,
         -1.5663e-01,  3.0430e-02, -7.7106e-02,  2.3697e-01,  1.3329e-01,
          9.3680e-02, -1.6285e-02, -2.0749e-02,  5.2940e-02, -2.8863e-02],
        [ 6.7806e-02,  1.2921e-01, -3.6254e-02, -2.1014e-01, -1.8185e-01,
         -1.2017e-01,  6.4775e-02, -2.7408e-02,  7.3945e-02,  5.3144e-02,
          9.3075e-03,  1.0797e-01,  1.3280e-01, -6.6795e-03, -4.3836e-02,
         -9.9178e-02,  9.4191e-02, -2.1718e-02, -8.3850e-02, -1.7274e-01,
          1.2393e-01, -6.0228e-02, -8.8484e-02, -1.5742e-01, -2.0071e-01,
         -1.3379e-01,  3.4057e-02,  2.8049e-02, -7.3949e-02, -1.5770e-01],
        [-7.0105e-02, -1.4740e-01,  1.9182e-02,  1.6816e-01, -9.6521e-02,
         -1.3422e-01, -1.3107e-01, -6.8643e-02,  1.6536e-01,  4.5756e-02,
          1.2020e-01,  1.5421e-01,  1.5274e-01,  1.1343e-01, -9.5764e-02,
          1.5688e-01, -1.2657e-02, -1.0042e-01, -2.3767e-02,  2.2796e-02,
         -3.8674e-02,  1.1388e-01,  8.1884e-02,  3.2141e-02, -1.5841e-02,
         -9.2238e-02, -7.7246e-02,  8.0179e-02, -1.4051e-01, -4.5783e-02],
        [-5.9989e-02,  1.9708e-02, -5.9115e-03,  7.4524e-02, -1.4202e-01,
         -6.0879e-02, -7.2866e-02, -4.5686e-02,  2.9638e-02, -9.4097e-02,
          1.4264e-01,  1.3739e-01,  1.6182e-01, -1.7673e-01, -5.9471e-02,
         -5.6358e-02, -1.6733e-01, -3.6350e-02, -2.8887e-02,  1.2824e-01,
         -2.4436e-02,  1.0126e-01, -1.1317e-01, -1.9474e-02,  9.2230e-02,
         -8.9313e-02, -1.6573e-01, -4.2929e-02,  1.5649e-02,  1.1771e-01]],
       device='cuda:0')), ('encoder_fcn.9.bias', tensor([-0.2002, -0.4470,  0.1746,  0.4482,  0.3904, -0.1539,  0.3177, -0.2219,
        -0.4795, -0.4774], device='cuda:0')), ('encoder_fcn.12.weight', tensor([[ 0.4355,  2.0646,  2.0064, -1.7816,  1.2494, -2.2739,  0.6576, -0.0413,
          1.7023,  1.7757],
        [ 0.3826,  0.4253,  0.5216, -0.4372,  0.4503, -0.1357,  0.4827,  0.2571,
          0.4768,  0.4787],
        [-0.6475,  0.5295,  0.2248,  0.4530,  0.0073, -0.1247, -0.0645, -0.2482,
          0.1940,  0.6055],
        [-0.0784,  0.1103,  0.0436, -0.2004, -0.2408,  0.2574, -0.0592, -0.2546,
          0.0061,  0.1783],
        [-0.1710,  0.0444, -0.1175, -0.1822, -0.1850,  0.2292,  0.0109, -0.2810,
          0.1749,  0.0772]], device='cuda:0')), ('encoder_fcn.12.bias', tensor([-0.5905, -0.0590,  1.0368, -0.4970, -0.1945], device='cuda:0')), ('decoder_fcn.0.weight', tensor([[ 0.0786, -0.4431,  0.4091, -0.3529, -0.0112],
        [ 0.2584, -0.1047,  0.2900, -0.4747, -0.0863],
        [-0.6204, -0.5226, -0.1298,  0.0406,  0.3165],
        [ 0.1002,  0.1273,  0.4126, -0.4381,  0.0294],
        [-0.1847,  0.5988, -0.2436, -0.5931,  0.2889],
        [ 0.5353,  0.1661, -0.1588, -0.5502,  0.4036],
        [ 0.3833,  0.1691,  0.0604, -0.1693,  0.2393],
        [ 0.0054, -0.5186,  0.4903,  0.3235, -0.6978],
        [-0.1023,  0.4613, -0.3604, -0.6749,  2.6113],
        [ 0.0210, -0.3916, -0.3352,  0.2549,  0.4433]], device='cuda:0')), ('decoder_fcn.0.bias', tensor([ 0.4672, -0.2857,  0.2744, -0.2067, -0.3659,  0.6470,  0.6758,  1.8203,
        -3.1056, -0.0205], device='cuda:0')), ('decoder_fcn.3.weight', tensor([[ 0.3863,  0.2842,  0.2269,  0.1753,  0.0119,  0.0351,  0.1337,  0.4275,
         -0.1952,  0.1171],
        [-0.0905,  0.2377,  0.1846, -0.2099,  0.5069,  0.0071,  0.1669, -0.2794,
          0.3395,  0.0955],
        [ 0.1766, -0.3307,  0.5677,  0.0727, -0.1819, -0.0295,  0.0617,  0.3148,
          0.0470,  0.1776],
        [ 0.6416,  0.2440, -0.0792,  0.7158,  0.3283, -0.4678,  0.0454,  0.1883,
         -0.6869,  0.5653],
        [ 0.0805, -0.0274,  0.0696, -0.0483,  0.3018,  0.0843,  0.2905,  0.4404,
          0.0183,  0.1923],
        [ 0.0254,  0.0596,  0.2657, -0.0395, -0.0274,  0.0453, -0.1159,  0.4218,
          0.0698, -0.0289],
        [ 0.2893,  0.2367, -0.0416,  0.0251, -0.5628, -0.0262, -0.3371,  1.3411,
         -1.0864,  0.0799],
        [ 0.1187, -0.1326,  0.2525,  0.2776,  0.3537,  0.0291,  0.1708,  0.3534,
          0.0875,  0.1455],
        [ 0.0697, -0.2571, -0.1562,  0.3030,  0.3849,  0.0412, -0.1517,  0.0678,
          0.3189, -0.1886],
        [ 0.1148,  0.3414, -0.2372, -0.0585, -0.1111,  0.2456,  0.3904,  0.3510,
         -0.1269,  0.6975],
        [ 0.2290, -0.0633,  0.4162,  0.2565,  0.0362,  0.2191, -0.1624, -0.1108,
          0.2062,  0.0788],
        [ 0.0471,  0.2491, -0.3726,  0.2105,  0.1131,  0.4732, -0.0842,  1.0967,
          0.0183,  0.5135],
        [ 0.1054,  0.2239,  0.4017, -0.0393, -0.2004,  0.0041, -0.1894,  0.5045,
         -0.1680,  0.1575],
        [ 0.1815, -0.0828, -0.0358, -0.0301,  0.3831,  0.1979,  0.4466,  0.2766,
         -0.0556,  0.2806],
        [-0.0890,  0.2542, -0.0261,  0.2022,  0.1668,  0.3552,  0.0083,  0.4006,
          0.3892,  0.2172],
        [ 0.4448, -0.2321, -0.0216, -0.0735, -0.1965,  0.1588,  0.1853,  0.6140,
          0.0783,  0.7010],
        [ 0.3436, -0.1540,  0.0728,  0.3204,  0.3603,  0.1528,  0.3041,  0.1256,
         -0.1787,  0.0508],
        [ 0.4420, -0.0311,  0.0925, -0.2153, -0.2178,  0.2544, -0.1597,  0.3947,
          0.0666,  0.3245],
        [ 0.2761,  0.1933, -0.0214,  0.5307, -0.1185, -0.1442, -0.2143,  0.2670,
         -0.3112,  0.5552],
        [ 0.0501, -0.0325, -0.1140,  0.3438, -0.0552,  0.1350,  0.3961,  0.2660,
         -0.0558,  0.6449],
        [ 0.1751,  0.3527,  0.1012,  0.3850,  0.0224,  0.4322, -0.1154,  0.1361,
         -0.0828,  0.5353],
        [ 0.2268,  0.2316,  0.3287, -0.1533,  0.2969,  0.3035,  0.1784, -0.0564,
          0.3344, -0.0409],
        [ 0.3786,  0.0118,  0.2098,  0.1402, -0.1299, -0.3573, -0.3374,  0.0828,
          0.2089,  0.3128],
        [ 0.4960, -0.0806, -0.0776,  1.0836,  0.0892, -0.2207, -0.1833,  0.5016,
         -0.4447,  0.4762],
        [-0.3348,  0.2303,  0.2826, -0.0446,  0.3806, -0.0557,  0.2359,  0.2287,
          0.5476,  0.1649],
        [-0.1985, -0.2733,  0.2365,  2.6082, -0.1065, -0.2980, -0.7024, -0.0354,
          0.3014,  0.0878],
        [-0.0367, -0.2156,  0.4592,  0.8173, -0.2178, -0.1189, -0.0944,  0.1804,
          0.3644,  0.1160],
        [ 0.4221,  0.0238,  0.0655,  0.1992, -0.1116,  0.1922, -0.1244,  0.4151,
         -0.1625,  0.8731],
        [ 0.2316,  0.1827, -0.1656,  0.1039,  0.2898,  0.2277, -0.0879,  0.2460,
          0.3559,  0.4213],
        [ 0.4356, -0.0043,  0.1928,  0.1894,  0.1344, -0.2675, -0.1804,  0.2075,
         -0.1093,  0.2314]], device='cuda:0')), ('decoder_fcn.3.bias', tensor([ 0.0924,  0.2565, -0.1116,  2.8242,  0.2553, -0.0579,  4.6599, -0.1934,
         0.0853,  0.3508,  0.0123,  0.6303, -0.3773,  0.6586,  0.6579,  0.1948,
         0.3637,  1.2486,  1.9674, -0.0306,  0.2674,  0.1078,  0.9785,  1.2973,
         0.0088,  0.4712,  0.5215,  0.8781,  0.4123,  0.8328], device='cuda:0')), ('decoder_fcn.6.weight', tensor([[ 0.2044,  0.0053, -0.0656,  ...,  0.1668,  0.1095,  0.1209],
        [ 0.3182,  0.2152,  0.2510,  ..., -0.1800, -0.0981,  0.1202],
        [ 0.1172,  0.0816,  0.1459,  ...,  0.1518,  0.0187,  0.0735],
        ...,
        [ 0.3945, -0.0053,  0.2959,  ...,  0.0181, -0.0724,  0.4176],
        [ 0.1538, -0.3957, -0.0522,  ...,  0.2434,  0.1751,  0.4049],
        [ 0.3345, -0.0131,  0.3072,  ...,  0.0369,  0.0227,  0.2107]],
       device='cuda:0')), ('decoder_fcn.6.bias', tensor([ 3.7552e-01, -1.9572e-01,  1.1366e-01, -7.4831e-01,  1.3078e-01,
         4.3319e-01,  5.6367e-01, -4.9665e-01,  7.6034e-01, -6.2976e-02,
         6.3811e-01,  5.2023e-01, -2.3743e-01, -9.5470e-01, -3.5270e-01,
         4.1024e-03,  6.1839e-01,  1.9887e+00,  5.6926e-01,  4.6106e-01,
         3.8011e-01,  4.1521e+00,  8.2659e-01,  9.1590e-01,  3.3319e-01,
         5.9542e-01, -2.7706e-02, -4.2010e-01,  5.0249e-01, -5.0093e-01,
         6.3456e-01, -4.4171e-01, -3.0545e-01,  3.9650e-01,  5.0801e-01,
        -1.1518e+00, -1.8648e-01, -5.1839e-01, -9.3533e-02,  4.2823e-01,
         2.4621e+00,  4.5122e-01, -6.8334e-02,  2.7869e-01,  4.9084e-01,
         9.1313e-02,  6.7736e-01,  5.0349e-01,  3.4509e+00, -3.4080e-02,
         5.7758e-01,  6.2842e-01, -1.1961e-01, -4.9467e-01,  3.6287e-01,
        -5.5286e-01,  6.1152e-01, -8.6718e-01,  5.4971e-01, -1.9457e-01,
         7.0507e-01, -1.1460e-01,  1.5677e-01,  5.2574e-01,  1.0495e-01,
         1.5738e-01, -3.0275e-01,  5.2641e-01,  3.7187e-01,  1.5796e-01,
         2.8242e-01, -3.2519e-01,  6.0992e-01,  7.5651e-02,  3.1084e-01,
         3.9115e-01,  1.3271e+00, -2.1289e-01,  8.0752e-02,  1.3639e-01,
        -2.3342e-01, -3.7487e-01, -2.7882e-02,  3.1119e-01,  5.7194e-01,
         4.1819e-01, -2.4356e-01, -1.9650e-01,  4.5097e+00, -6.0309e-01],
       device='cuda:0')), ('decoder_fcn.9.weight', tensor([[ 1.2722e-01, -1.2407e-01,  1.3787e-01,  ...,  5.4760e-02,
         -3.9139e-01,  5.4905e-02],
        [-2.4713e-02,  2.0728e-02,  7.1489e-02,  ...,  4.8865e-02,
          9.2148e-02,  7.0216e-02],
        [ 1.7614e-01,  1.7444e-02,  9.4414e-02,  ...,  8.4876e-02,
          3.3383e-01, -6.3507e-02],
        ...,
        [-1.3524e-01,  3.2839e-01,  1.5462e-02,  ...,  2.1099e-01,
          4.3791e-01,  3.2644e-01],
        [ 1.8475e-01, -9.3749e-02,  7.8724e-02,  ..., -1.1165e-02,
          9.9456e-01, -8.1220e-02],
        [ 1.4062e-01, -8.7678e-02,  7.5336e-02,  ...,  2.0370e-02,
         -6.3457e-01, -9.2274e-05]], device='cuda:0')), ('decoder_fcn.9.bias', tensor([-6.4096e-01, -3.8161e-02,  6.3641e-01,  2.2890e+00,  1.2326e+00,
         1.1411e+00,  5.0536e-01,  6.4547e-02,  1.6470e+00,  4.9952e-01,
         1.6083e+00, -2.4011e-01, -3.0153e+00,  8.5155e-03,  2.0870e-01,
        -2.7417e-01, -1.9228e+00, -2.0270e+00,  2.5759e-01, -2.3308e-01,
        -3.5897e-03,  5.8025e-02,  2.6802e+00,  2.3599e-01,  6.5645e-02,
         2.6508e-03, -3.3907e-01, -8.5860e-01, -6.9713e-02, -4.4058e-02,
        -2.4329e+00, -3.0104e+00, -8.3959e-01, -1.3569e+00, -1.6530e-01,
        -2.8313e-01,  1.0326e+00,  3.8937e-01,  1.9979e+00, -2.4115e-02,
        -2.7944e+00, -3.8601e-02,  3.7858e-01, -8.3008e-01, -1.0415e-01,
         1.6096e+00, -3.8293e-02,  6.7196e-02,  3.0660e-01, -9.6112e-01,
         2.9767e-01,  1.9267e+00,  2.6128e-01,  8.4857e-02,  1.6380e+00,
         9.0811e-01,  2.6453e-01,  2.0240e+00,  1.6372e+00,  2.0619e-02],
       device='cuda:0')), ('decoder_fcn.12.weight', tensor([[ 8.8051e-02,  7.8404e-02, -6.5068e-02, -1.7293e-01,  1.0553e-01,
         -1.3770e-02, -1.7583e-01, -1.1018e-01,  4.2391e-02,  5.0715e-02,
         -1.1325e-01, -3.6454e-02,  1.6083e-03, -7.2547e-02,  1.1964e-01,
          6.4706e-03,  6.8607e-02,  1.1209e-01,  5.6002e-02, -1.1641e-01,
         -5.3000e-03, -1.1337e-01, -1.9808e-02, -7.8679e-02, -1.4918e-02,
         -1.0710e-01,  8.1422e-02,  1.0542e-01,  1.3744e-01, -1.1559e-01,
          6.3927e-02,  6.0028e-02,  1.0464e-01,  8.7982e-02,  5.8728e-02,
         -6.9426e-03, -9.3528e-02,  1.1128e-01,  3.2756e-02,  1.2954e-01,
          3.3513e-02, -4.3289e-02, -1.2807e-01,  1.2767e-01,  7.4944e-02,
          2.7053e-02, -2.3100e-02,  5.4403e-02, -4.9865e-02,  2.4078e-02,
         -2.5756e-02, -1.2215e-01, -1.2478e-01,  7.9273e-03, -7.5065e-02,
         -1.1109e-01, -6.3293e-02, -5.9490e-02,  8.4812e-02, -3.2083e-03],
        [ 1.2224e-01,  7.1508e-02, -9.5413e-03, -1.6621e+00, -1.7640e-01,
         -2.3168e-01,  1.1655e-01, -3.8767e-02, -1.2904e-01, -9.5962e-02,
          1.6731e-01,  1.7013e-01,  3.4163e-01,  1.9553e-02,  6.6896e-01,
          1.6419e-01,  1.5020e-01,  1.4922e-01, -1.0019e-01,  1.6575e-01,
         -9.9224e-02,  4.5964e-02, -2.3059e-01,  3.5709e-02,  7.9181e-02,
          1.1845e-01,  6.8900e-02,  1.4409e-02, -7.1732e-03, -4.8658e-02,
          2.3291e-01,  2.7631e-01,  1.1111e-01,  1.7393e-01,  6.2784e-02,
          2.2592e-01,  3.0161e-03, -8.2866e-02, -1.8094e-01,  1.2047e-01,
          3.0997e-01,  2.8390e-02,  1.1881e-01,  3.7339e-02, -1.1003e-01,
         -1.4470e-01, -9.2794e-02,  9.6523e-02,  2.6544e-02,  1.3356e-01,
          1.8129e-02, -1.6875e-01,  1.1376e-01, -8.3068e-02, -1.4071e-01,
         -8.1391e-03,  6.8448e-02, -2.7941e-02, -1.7274e-01,  1.0809e-01],
        [ 2.8679e-01, -9.0441e-02,  2.7459e-01,  4.6617e-01,  2.5373e-01,
         -2.1995e-01, -2.3871e-01, -7.3426e-02,  1.8217e-01, -3.5885e-01,
          1.2474e-02,  2.4540e-01, -3.1749e-01,  1.2126e-01,  6.0379e-01,
          2.2137e-01, -4.0281e-01, -3.7096e-01, -1.1305e-01,  2.4119e-01,
         -1.1067e-01,  1.0803e-02,  1.7727e-01, -1.5807e-01, -2.7270e-01,
          3.2911e-02,  2.7548e-01, -3.8476e-01, -5.8722e-02,  1.1795e-01,
         -2.9123e-01, -3.1291e-01,  2.5585e-01,  1.7759e-01,  2.5210e-01,
          2.6557e-01,  1.9671e-01,  2.7897e-01,  1.8696e-01,  1.2459e-02,
         -3.0837e-01,  1.6708e-02,  2.2975e-01, -3.1458e-01,  1.0710e-01,
          1.6940e-01, -2.8647e-02,  7.7191e-02, -3.2144e-01,  1.7375e-01,
         -2.9798e-01,  2.6489e-01,  2.8337e-01, -1.2786e-01, -2.7034e-01,
          2.7597e-01, -2.4348e-01, -3.4111e-01,  1.9367e-01,  2.0063e-01]],
       device='cuda:0')), ('decoder_fcn.12.bias', tensor([-10.0906,  -6.6772,   0.2668], device='cuda:0'))])
